1.000000
1.191919
1.383838
1.575758
1.767677
1.959596
2.151515
2.343434
2.535354
2.727273
2.919192
3.111111
3.303030
3.494949
3.686869
3.878788
4.070707
4.262626
4.454545
4.646465
4.838384
5.030303
5.222222
5.414141
5.606061
5.797980
5.989899
6.181818
6.373737
6.565657
6.757576
6.949495
7.141414
7.333333
7.525253
7.717172
7.909091
8.101010
8.292929
8.484848
8.676768
8.868687
9.060606
9.252525
9.444444
9.636364
9.828283
10.020202
10.212121
10.404040
10.595960
10.787879
10.979798
11.171717
11.363636
11.555556
11.747475
11.939394
12.131313
12.323232
12.515152
12.707071
12.898990
13.090909
13.282828
13.474747
13.666667
13.858586
14.050505
14.242424
14.434343
14.626263
14.818182
15.010101
15.202020
15.393939
15.585859
15.777778
15.969697
16.161616
16.353535
16.545455
16.737374
16.929293
17.121212
17.313131
17.505051
17.696970
17.888889
18.080808
18.272727
18.464646
18.656566
18.848485
19.040404
19.232323
19.424242
19.616162
19.808081
20.000000
