1.000000
1.420671
1.915009
2.483012
3.124681
3.840016
4.629017
5.491685
6.428018
7.438017
8.521681
9.679012
10.910009
12.214672
13.593001
15.044995
16.570656
18.169983
19.842975
21.589634
23.409958
25.303949
27.271605
29.312927
31.427916
33.616570
35.878890
38.214876
40.624528
43.107846
45.664830
48.295480
50.999796
53.777778
56.629426
59.554739
62.553719
65.626365
68.772676
71.992654
75.286297
78.653607
82.094582
85.609224
89.197531
92.859504
96.595143
100.404449
104.287420
108.244057
112.274360
116.378329
120.555964
124.807265
129.132231
133.530864
138.003163
142.549128
147.168758
151.862055
156.629017
161.469646
166.383940
171.371901
176.433527
181.568820
186.777778
192.060402
197.416692
202.846648
208.350270
213.927558
219.578512
225.303132
231.101418
236.973370
242.918988
248.938272
255.031221
261.197837
267.438119
273.752066
280.139680
286.600959
293.135904
299.744516
306.426793
313.182736
320.012346
326.915621
333.892562
340.943169
348.067442
355.265381
362.536986
369.882257
377.301194
384.793797
392.360065
400.000000
